Descrição: Tranferência
Valor: 200.000000
Taxa: 6.000000

